lightAmbientColor 13 5 5
0, 0.0360483143550978, 0.0474568857836692, 0.100696885783669, 1,
17044.6059609906, 0.0349996736376501, 0.0545160699568814, 0.10330706075496, 1,
20058.8304028043, 0.194828522570979, 0.313941707830947, 0.454932825077441, 1,
29993.8558436314, 0.192877764722789, 0.313941707830947, 0.454932825077441, 1,
118198.23825348, 0.199936257285619, 0.313941707830947, 0.454932825077441, 1,
133301.390785453, 0, 0.0134320045328179, 0.0346868546651237, 1,
246835.639682459, 0, 0.0134320045328179, 0.0346868546651237, 1,
254099.994020541, 0, 0.0807501869846294, 0.165730726418053, 1,
254099.99619251, 0.020490622321791, 0.0389580355848193, 0.0829903616231501, 1,
278460.455654314, 0.0192244352430909, 0.0389580355848193, 0.0829903616231501, 1,
302099.410848935, 0.246468385954302, 0.322573118106385, 0.743372012660552, 1,
302100.02862776, 0.221615010048083, 0, 0.0133638206850783, 1,
326022.877195457, 0.221603094355389, 0, 0.0153918267497551, 1,
;

light0Color 11 5 5
0, 0.772281259393991, 0.87612991150053, 1, 0.85490990933415,
18201.6563974017, 0.772281259393991, 0.880124090427704, 1, 0.856159016864657,
28284.0838591243, 1, 0.8, 0.407843137254902, 0.854901960784314,
118166.508749692, 1, 0.802025040506132, 0.407130565624469, 0.854901960784314,
133369.71992925, 0.108771443061999, 0.172389470273341, 0.25721350655513, 1,
244616.696067939, 0.108203264167331, 0.174156753015479, 0.255628709827896, 1,
249282.9870106, 1, 0.312429578384215, 0.0333597235211298, 1,
254098.989167196, 1, 0.312429578384215, 0.0333597235211298, 1,
302099.307778475, 1, 0.630294589300143, 0.273953843111867, 0.832542039839435,
302099.838520701, 0.529144150306246, 0.678641498231997, 0.78827288671088, 0.74091625173525,
336079.550816665, 0.52912834217377, 0.676166788166019, 0.790783230832946, 0.740949994890803,
;

light1Color 12 5 5
0, 0.070287982389243, 0.134936060588357, 0.341528660686013, 1,
15991.8431500344, 0.0688399689929003, 0.133010833185318, 0.342635656213882, 1,
19031.7245709629, 0.227450980392157, 0.36078431372549, 0.501960784313725, 1,
117978.303471266, 0.227046744348955, 0.360064059762516, 0.502415923626152, 1,
133003.643741543, 0.368708317058336, 0.0840295867068052, 0.0496400669453437, 1,
237960.189361044, 0.366621022658854, 0.0840295867068052, 0.0496400669453437, 1,
238980.659949466, 0, 0, 0, 1,
246808.68403911, 0, 0, 0, 1,
254099.776253121, 0.281209071406095, 0.286928322632265, 0.321243829989283, 1,
302099.137116078, 0.28118260514815, 0.287049506535062, 0.320975501511555, 1,
302099.137116078, 0.0150538945931934, 0.00164465099888412, 0.00683532593861675, 1,
336042.04682073, 0.0150618108492956, 0.00165256725498636, 0.00684324219471898, 1,
;

pointLightAttenuation 1 2 5
0, 0.02,
;

fogDensity 3 2 5
0, 0.6,
254099.941940717, 0.599822170406421,
254099.941940717, 0.435875142837999,
;

fogColor 17 5 5
0, 0, 0, 0, 1,
16535.3701492537, 0, 0, 0, 1,
22533.8097014925, 0.133226019184652, 0.42457721822542, 0.991544364508393, 1,
38510.4229378673, 0.522212051062449, 0.775976194305692, 1, 1,
114983.378343691, 0.517424048359746, 0.773582192954341, 1, 1,
122330.619483386, 0.632599021966985, 0.424140525098509, 0.393880420714375, 1,
129077.186065514, 0.148487632640673, 0.206562580448606, 0.377730847671988, 1,
133062.840683591, 0.00840918815954411, 0.0229125040993762, 0.0845515968436626, 1,
166469.958166155, 0.00942283610334099, 0.0229125040993762, 0.0845515968436626, 1,
220572.235715442, 0.197986930455635, 0.0418104316546761, 0.0681431654676258, 1,
245829.664488101, 0, 0, 0, 1,
252940.189391423, 0.7, 0.5, 0.5, 1,
254101.939150642, 0.699924098917735, 0.5, 0.5, 0.35597304427741,
254101.939150642, 0.698204290923275, 0.5, 0.5, 1,
302099.329563308, 1, 0.8, 0.5, 1,
302099.329563308, 0.770645593169155, 0.634030628380422, 0.760335029788873, 1,
336008.76766339, 0.770657468281446, 0.631464862647644, 0.760346904901165, 1,
;

retroEdgeThick 15 3 5
0, 1, 1,
23500, 1, 0.4,
40000, 1, 0.4,
41000, 1.50012076722448, 1,
131575.656437422, 1.5, 1,
133317.579339511, 2.91255042949934, 0.241062882708295,
169045.001779046, 2.91024077557804, 0.241062882708295,
197772.778719707, 1.2287889438277, 0.354699391588895,
222982.235468425, 1.2287889438277, 0.354699391588895,
223018.329866101, 1.437482045821, 0.354699391588895,
236028.156896856, 1.44844363097689, 0.354699391588895,
238016.421302182, 1.77729118565346, 0.354699391588895,
302098.059291622, 1.77702341540149, 0.354699391588895,
302099.73988235, 0.740993234325748, 1,
336033.20211926, 0.740942154197307, 1,
;

retroFaceColor 8 5 5
0, 1, 1, 1, 1,
124430.430140595, 1, 1, 1, 1,
132025.304458201, 0, 0, 0, 1,
192279.645421674, 0, 0, 0, 1,
207467.364953979, 0.28, 0.28, 0.28, 1,
254099.793945068, 0.28, 0.28, 0.28, 1,
254099.998927737, 1, 1, 1, 1,
336072.78104751, 1, 1, 1, 1,
;

retroEdgeColor 13 5 5
0, 0, 0, 0, 1,
121874.423784054, 0, 0, 0, 1,
132017.148703617, 0.005, 0.005, 0.01, 0.663258818521462,
138000.345345836, 0.110827784038704, 0.263841381863489, 1, 0.493681519670888,
192089.755882029, 0.113373130303072, 0.263841381863489, 1, 0.493681519670888,
193330.110358394, 0.111993296149203, 0.263841381863489, 1, 0.461243893292061,
197752.764406367, 0.110827784038704, 0.263841381863489, 1, 0.461243893292061,
227350.526112031, 1, 0.329642219006346, 0.051254061863489, 0.481490304720632,
244560.726924482, 1, 0.329642219006346, 0.051254061863489, 0.481490304720632,
247921.414936392, 0, 0, 0, 1,
302098.672953821, 0, 0, 0, 1,
302099.785096234, 0.226776705969001, 0, 0.017987797518297, 1,
336015.773738224, 0.226772601879046, 0, 0.0154060525832716, 1,
;

retroParams 11 5 5
0, 1, 1, 1, 0,
17943.2965816953, 1, 1, 1, 0,
28566.5776726222, 0, 0.261346558785312, 1, 1,
124414.994741878, 0, 0.148768475307528, 1, 1,
132733.47785495, 1, 1, 0, 0,
192077.535533293, 1, 1, 1, 0,
243360.449937531, 1, 1, 1, 0,
248819.053929145, 0, 1, 1, 0,
302099.233681078, 0, 0.149412369105834, 1, 1,
302099.921385046, 1, 1, 1, 1,
336049.950493182, 1, 1, 1, 1,
;

vignetting 15 3 5
0, 1.25, 0.24371377474031,
5997.59377564937, 1.25, 0.102700543647664,
16500, 1.25, 0.0978380184375726,
17341.0258535903, 1.25, 0.001,
116000.397395297, 1.25, 0.001,
131936.626759654, 1.4, 0.157086021783772,
132074.946486228, 1.4, 0.0890991765395462,
134000.889164987, 1.4, 0.0180297256535536,
253900, 1.5, 0.0171551577533635,
254000, 1.25, 0.001,
297800, 1.25, 0.001,
298800, 10.019516744452, 0.1,
302098.81657535, 10.019516744452, 0.1,
302098.81657535, 1.65899004091864, 0.001,
336041.901483157, 1.65179901580464, 0.001,
;

lensFishEye 22 2 5
0, 0.405141886227822,
15554.214110433, 0.405141886227822,
16807.6716536, 0.0172418944337622,
206998.671857755, 0.0173368887554385,
206998.671857755, 0.343434744428419,
211199.956757826, 0.343434744428419,
211199.956757826, 0.514544321646956,
215199.611043045, 0.510634671608419,
215199.611043045, 0.00199578585041094,
228199.989500124, 0.00190771583829842,
228199.989500124, 0.447901207712657,
230999.966297188, 0.450687053543951,
230999.966297188, 1.0999425772778,
234199.937778456, 1.10090988634364,
234199.937778456, 0.640351730870226,
235000.096297153, 0.64023436589306,
235000.096297153, 1.09989377929155,
235989.307195948, 1.09989377929155,
238454.307978347, 0.634474008874313,
252627.665137993, 0.398597687011404,
254099.785231451, 1.15714308951887,
254099.785231451, 0.0344493572800604,
;

lensGlowPower 8 2 5
0, 0.799542599103275,
177100, 0.799542599103275,
192000.129570673, 1.9645369333793,
192000.888317125, 3.36550868183879,
200278.825438292, 2.0192623923035,
206999.65309422, 2.00831730051866,
206999.890078941, 0.799268760151113,
302099.394419072, 0.799268760151113,
;

lensStreakPower 6 3 5
0, 0.88, 0.52,
250000, 0.88, 0.52,
254000, 0.990920435702982, 0.282383038129739,
302100, 0.990920435702982, 0.282383038129739,
302100, 0.880458611600397, 0.518549829022882,
321942.778863435, 0.880458611600397, 0.518549829022882,
;

lensOrbsSize 7 5 5
0, 0.315577112775055, 0.0837783292814926, 0.0254523690170405, 0.00368312742725119,
135520.546140594, 0.315577112775055, 0.0837783292814926, 0.0254523690170405, 0.00368312742725119,
153654.739207253, 0.691780640596771, 0.140909910754116, 0.0252520850319456, 0.00374151569921818,
168382.02441104, 0.443182567642137, 0.140909910754116, 0.0252520850319456, 0.00374151569921818,
190000, 0.143734888855873, 0.691780640596771, 0.0252520850319456, 0.00374151569921818,
206937.32317389, 0.315577112775055, 0.0837783292814926, 0.0254523690170405, 0.00368312742725119,
302099.870640749, 0.314367444304515, 0.0837783292814926, 0.0254523690170405, 0.00368312742725119,
;

lensOrbsColor 1 5 5
0, 1, 0.486056437301636, 0.620628263015747, 0.0671792835659449,
;

lensFlareColor 10 5 5
0, 1, 0.410644283372266, 0.686713986762097, 0.0694345376095542,
131000, 1, 0.410644283372266, 0.686713986762097, 0.0694345376095542,
142825.280379932, 1, 0.410644283372266, 0.686713986762097, 0.111256220535744,
153677.608091806, 1, 0.410644283372266, 0.686713986762097, 0.569434537609554,
162348.370212607, 1, 0.410644283372266, 0.686713986762097, 0.153398448217245,
170799.208815278, 1, 0.410644283372266, 0.686713986762097, 0.153398448217245,
170799.78498214, 1, 0.410644283372266, 0.686713986762097, 0.254903292090865,
184866.227551372, 1, 0.410644283372266, 0.686713986762097, 0.286848835875332,
210000, 1, 0.410644283372266, 0.686713986762097, 0.0694345376095542,
326077.163767456, 1, 0.410644283372266, 0.686713986762097, 0.0694345376095542,
;

lensGlowColor 1 5 5
0, 1, 0.558283287609554, 0.794028202863792, 0.0135461759460761,
;

lensStreakColor 6 5 5
0, 0.024786614890438, 0.0519207350621118, 1, 0.159029104160824,
252000, 0.024786614890438, 0.0519207350621118, 1, 0.159029104160824,
254000, 0.0244465526316925, 0.0525572726316925, 1, 1,
302099.095491306, 0.024786614890438, 0.0519207350621118, 1, 1,
302099.895142155, 0, 0, 0, 0,
336070.403768171, 0, 0, 0, 0,
;

cameraShakeAmplitude 24 3 5
0, 0, 0,
207000, 0, 0,
209000, 0.1, 0.2,
211000, 0.01, 0.05,
215000, 0.01, 0.05,
215000, 0.041757988811442, 0.041757988811442,
219000, 0.0328716849621725, 0.0328716849621725,
219000, 0.0136772686477506, 0.0140327208017213,
222975.759062323, 0, 0,
225051.802290974, 0.00669989258594446, 0.00669989258594446,
227426.889423954, 0.0454218490460409, 0.0454328631232731,
228131.753992451, 0.0214511140945526, 0.0214511140945526,
229035.819417262, 0.0979730756704574, 0.0979730756704574,
230495.68618394, 0.0186852600616886, 0.0187668425323854,
231046.528347014, 0.0183367454260807, 0.0183367454260807,
231882.239017859, 0.0454328631232731, 0.0454328631232731,
233491.755865413, 0.0166163570008622, 0.0161862598945575,
234562.491044111, 0, 0,
239985.529267522, 1, 0.1,
252500, 1, 0.1,
254000, 0, 0,
302000, 0, 0,
302001, 0.846699425710037, 0.738941665710037,
318879.305468614, 0.0994227857100371, 0.0713120657100371,
;

cameraShakeFrequency 6 3 5
0, 17, 19,
232514.850542516, 17, 19,
234503.639019809, 0.1, 0.43,
302000, 0.1, 0.43,
302001, 24.8473718666942, 26.4049118296288,
318440.619653785, 15.9762177844356, 17.0597238456075,
;

grainParams 7 4 5
0, 0.102098513940516, 24.1020834222539, 8.05969985197534,
116616.699028088, 0.102094203662961, 24.1020834222539, 8.05969985197534,
132386.804366128, 0.00402522344325132, 24.1020834222539, 8.05969985197534,
245914.912955403, 0.00382220051099415, 24.1020834222539, 8.05969985197534,
252406.269302651, 0.0413415480415524, 24.1020834222539, 8.05969985197534,
302099.201205445, 0.0699053286880696, 24.1020834222539, 8.05969985197534,
302099.987147546, 0.00152950516163361, 24.1020834222539, 8.05969985197534,
;

fade 9 2 5
2000, 0,
2500, 1,
253624.485750953, 1,
254100.272177582, 0.00583214955519995,
254196.654728667, 1,
298000, 1,
298200, 0,
302097.070353804, 0,
302097.456982969, 1,
;

fadeLuminance 3 2 5
2000, 0,
254000, 0.67,
290000, 0,
;

skyColor 13 5 5
0, 0, 0, 0, 1,
16535.3701492537, 0, 0, 0, 1,
22575.813820168, 0.119717884155227, 0.414900605532276, 1, 1,
114983.378343691, 0.116203804138833, 0.425579764024079, 1, 1,
124399.443511297, 0.0459222038109646, 0.211083964581456, 1, 1,
135371.580168722, 0.00550897584276812, 0.0201040743681879, 0.0577269950114922, 1,
166469.958166155, 0.00544927471347974, 0.0200296820687812, 0.057689021508579, 1,
220572.235715442, 0.0880445250412906, 0.00770663751793609, 0.0305398583221483, 1,
245829.664488101, 0, 0, 0, 1,
252635.535275321, 0.133225320069878, 0.28690290079277, 0.765010929708433, 1,
302099.751373567, 0.26084577000934, 0.390866730615897, 1, 1,
302099.751373567, 0.159745192582959, 0, 0.0257078686392972, 1,
336124.910717332, 0.159748718951351, 0, 0.0282890358527596, 1,
;

lastSeagul 5 4 5
0, 103, 50, 0,
7000, 98, 78, 1425,
11500, 98, 82, 2410,
15500, 82, 105, 3420,
19600, 82, 120, 3950,
;

lastSeagulGroup 5 4 5
0, 100, 100, 10,
7000, 98, 88, 1425,
11500, 98, 82, 2420,
15500, 82, 105, 3420,
19600, 82, 120, 3950,
;
